00111100
11010111
10010100
01100000
10010111
10110001
00101010
10111110
10101001
11110010
10001110
00010010
11100011
10110101
11100110
01110110
00011001
01001010
11011011
10101101
11101101
01111000
01100111
00001010
10110101
11101011
10110011
11111110
00111101
00111000
11001001
01111011
01111001
00101101
10001001
00101000
00000111
10110101
11101110
10111011
00110010
01111000
10000101
10001111
10000001
00100011
01100011
10110001
11011110
11010001
11100000
11000011
10010001
01110000
01010110
10100101
11100101
11010101
01010011
00110101
10110011
10001101
01110000
01000110
01010010
01100101
11110110
00110100
10001110
01001000
00000011
10110110
11000100
11010010
01101101
01110101
01011111
10001000
11101000
00001111
01100001
10011010
10100111
11000111
11100110
11011101
11011000
10100101
01010010
10111010
10010011
11000001
10000000
01011111
00111101
10000001
10111101
00000010
10001011
11011001
10010110
00010011
11101111
10001001
00111101
00100100
01011100
00110000
10111111
01101000
01000011
10000110
00101011
00110110
00110101
11111001
01101111
10011111
11001110
00111110
10001011
11010100
10001101
10100110
01111011
11100010
10100110
01001011
00110011
10011110
01010100
10100001
10010011
00001100
10001100
10010001
01001000
00100010
10010110
11011011
11010100
00011000
01000010
11001101
10011001
00010101
01110101
00111101
00100001
10010100
10011001
11111000
01111111
10111000
10101011
11001111
00100000
01101010
10011000
11000110
11011111
00110001
10111111
10010010
00000010
10101100
01011001
01110000
00010001
01000110
01000110
11101000
11110010
11110000
00110001
11101010
00000101
11110000
10110001
00101001
11100011
00011010
00011010
10100000
00100100
10111110
00000110
10111010
10000110
11001000
01001110
10101100
11100000
10101000
00000100
10000101
01001011
00010000
11010001
00101010
10101001
11010111
01011000
10000011
00001010
00000010
00001000
00001110
10011010
01001010
10110101
01001111
11000111
01001110
11010001
10101101
00001011
00011011
11101110
00111001
11010011
00111111
01111001
00110110
01100110
01111010
10010100
10100110
11100101
00100010
11000010
00010110
11100111
10100100
01000111
00001100
11001110
10100100
01111001
10100001
00101001
00100011
10011011
11000011
10011110
00111000
10100111
01110000
10111010
10101011
00001001
11101001
01100000
00110011
10101100
00010010
